33
146 250
1 0 0 0
2 10 0 0
3 10 10 0
4 0 10 0
5 0.9999999999991893 0 0
6 1.999999999996827 0 0
7 2.99999999999391 0 0
8 3.999999999991027 0 0
9 4.999999999992411 0 0
10 5.999999999993932 0 0
11 6.999999999995455 0 0
12 7.999999999996978 0 0
13 8.99999999999849 0 0
14 10 0.9999999999991893 0
15 10 1.999999999996827 0
16 10 2.99999999999391 0
17 10 3.999999999991027 0
18 10 4.999999999992411 0
19 10 5.999999999993932 0
20 10 6.999999999995455 0
21 10 7.999999999996978 0
22 10 8.99999999999849 0
23 8.999999999999998 10 0
24 7.999999999999996 10 0
25 6.999999999999994 10 0
26 5.999999999999991 10 0
27 4.999999999999989 10 0
28 3.999999999999988 10 0
29 2.999999999999985 10 0
30 1.999999999999982 10 0
31 0.9999999999999911 10 0
32 0 8.999999999999998 0
33 0 7.999999999999996 0
34 0 6.999999999999994 0
35 0 5.999999999999991 0
36 0 4.999999999999989 0
37 0 3.999999999999988 0
38 0 2.999999999999985 0
39 0 1.999999999999982 0
40 0 0.9999999999999911 0
41 5.135478396964619 4.945004723174438 0
42 2.809058100408289 2.968013413783444 0
43 7.036642332373793 2.813727349571658 0
44 2.928571428571428 7.071428571428571 0
45 7.171319229835638 7.012865225728875 0
46 2.110432714898563 4.916317495516674 0
47 4.949728939412169 2.260650249505496 0
48 4.925594268167668 7.889874283210286 0
49 7.693937578742954 4.942151122041357 0
50 1.705209768794813 1.701315168332571 0
51 8.298684831667305 1.705209768794405 0
52 1.706705826321731 8.295833591207874 0
53 8.295294895439353 8.300437462322165 0
54 3.580157328126827 1.490105547343371 0
55 1.511339309159093 3.592898873606395 0
56 8.53809153464028 3.560923558437565 0
57 1.511339309159079 6.407101126393752 0
58 6.407101126393837 1.511339309158117 0
59 3.616585335450351 8.479452856065885 0
60 6.40710112639375 8.488660690840886 0
61 8.488660690841852 6.407101126393876 0
62 3.598432055749093 4.330139372822392 0
63 5.753976003410491 3.590074519500482 0
64 4.279891289155754 6.360639469450856 0
65 6.32305097390549 5.775227649515303 0
66 4.307729907562637 3.10257149869763 0
67 3.423623106929441 5.708901249359212 0
68 6.550494730794379 4.289927160940834 0
69 5.695255051726897 6.468402170032169 0
70 1.087882111614287 4.590636269429337 0
71 5.406152586518624 1.09858963869879 0
72 4.594345765702445 8.912841560252811 0
73 8.894111216017462 5.403337585496818 0
74 2.609263968559827 0.9766513578694904 0
75 9.023348642130447 2.609263968559572 0
76 0.9628495102896806 2.612117319516348 0
77 2.630595623652173 9.03852574219524 0
78 0.9861265112125635 7.395171967156466 0
79 7.390736031438912 9.023348642131671 0
80 7.386590898385192 0.9629761263569927 0
81 9.037095968533533 7.38684127419311 0
82 2.547170282818096 3.958793750760971 0
83 5.987875011236294 2.642648763252995 0
84 3.958793750760917 7.452829717181826 0
85 7.309321022813895 5.984918280103514 0
86 2.523829922333358 6.036784243414553 0
87 6.049482392017967 7.467238234304628 0
88 4.649491358523324 4.001415488332915 0
89 6.009833424261931 4.975237233904235 0
90 0.9987810650544741 0.9987810650544749 0
91 9.0012189349456 0.9987810650543931 0
92 0.9688906079890418 9.031109392010958 0
93 9.001218934945689 9.001218934945683 0
94 4.312717938933989 0.8104482597460946 0
95 9.191935231117951 4.306807226658108 0
96 0.8214961457966085 5.680432912475459 0
97 5.684537365573938 9.175661916437512 0
98 2.00383433563187 2.629763547966269 0
99 7.370236452032789 2.003834335630863 0
100 2.063105792369864 7.203162077636852 0
101 7.996165664369042 7.370236452033142 0
102 2.744334692554317 2.031772303299282 0
103 2.722061756621027 8.012652966219896 0
104 7.965685438445101 2.73804179977442 0
105 7.277938243380421 8.012652966219637 0
106 3.765903170898106 2.42154508560442 0
107 7.52608957319162 3.736420972452042 0
108 4.16778780207355 5.171625057491127 0
109 5.05883602752363 5.903934219314338 0
110 5.076789328624889 3.08499818297548 0
111 3.457635801991235 6.460841741565838 0
112 6.781435398560124 5.184802986899097 0
113 6.473047951788431 6.531771759706953 0
114 3.500427847121116 0.6554410329917912 0
115 9.350675081577736 3.495398950728036 0
116 0.7198491012175986 3.561860847806955 0
117 3.569833648269984 9.281454839097348 0
118 0.6637923932336502 6.496541201205132 0
119 6.496474904681318 9.337534249882015 0
120 6.429096677511857 0.7207354136921548 0
121 9.279264586307823 6.429096677511899 0
122 1.798982798902728 0.7997140572254783 0
123 9.200285942774583 1.798982798902621 0
124 0.7997140572243914 1.798982798902278 0
125 1.798982798902147 9.200285942775684 0
126 0.7997140572242668 8.201017201097896 0
127 8.201017201097999 9.200285942775791 0
128 8.201017201098134 0.7997140572234079 0
129 9.200285942776668 8.201017201098264 0
130 3.579503189093722 3.479685661191627 0
131 3.028762379668998 4.951340879983746 0
132 6.526008127105715 3.429293499187898 0
133 4.946733452405149 6.957217458118325 0
134 4.390810039128784 1.618016925410092 0
135 8.371767270239122 4.380882317210569 0
136 1.665239175717766 5.587499795954299 0
137 5.608944936376146 8.315072305501452 0
138 1.826035415292135 4.259979882679104 0
139 5.76596680715627 1.86484488191574 0
140 4.273829780020345 8.183749604177702 0
141 8.10732613404125 5.795600222139411 0
142 5.655820313383484 5.566035495666701 0
143 2.186511532081911 3.330659980719517 0
144 6.669340019279999 2.186511532080673 0
145 7.813488467919225 6.669340019280224 0
146 5.619854782790949 4.360331825170581 0
1 1 3 146 68 89
2 1 3 1 5 90
3 1 3 2 14 91
4 1 3 1 90 40
5 1 3 4 92 31
6 1 3 4 32 92
7 1 3 2 91 13
8 1 3 3 23 93
9 1 3 3 93 22
10 1 3 66 88 130
11 1 3 67 86 131
12 1 3 69 87 133
13 1 3 63 68 146
14 1 3 64 67 108
15 1 3 64 108 109
16 1 3 47 66 106
17 1 3 49 68 107
18 1 3 131 86 46
19 1 3 133 87 48
20 1 3 130 88 62
21 1 3 59 103 84
22 1 3 44 84 103
23 1 3 57 86 100
24 1 3 36 37 70
25 1 3 27 28 72
26 1 3 9 10 71
27 1 3 18 19 73
28 1 3 37 116 70
29 1 3 28 117 72
30 1 3 10 120 71
31 1 3 19 121 73
32 1 3 47 106 134
33 1 3 49 107 135
34 1 3 63 132 68
35 1 3 44 100 86
36 1 3 62 88 108
37 1 3 65 69 142
38 1 3 47 110 66
39 1 3 64 111 67
40 1 3 49 112 68
41 1 3 65 113 69
42 1 3 41 109 108
43 1 3 55 70 116
44 1 3 59 72 117
45 1 3 58 71 120
46 1 3 61 73 121
47 1 3 6 7 74
48 1 3 15 16 75
49 1 3 38 39 76
50 1 3 29 30 77
51 1 3 33 34 78
52 1 3 24 25 79
53 1 3 11 12 80
54 1 3 20 21 81
55 1 3 60 87 105
56 1 3 41 108 88
57 1 3 45 105 87
58 1 3 36 70 96
59 1 3 27 72 97
60 1 3 9 71 94
61 1 3 18 73 95
62 1 3 55 76 98
63 1 3 57 100 78
64 1 3 58 80 99
65 1 3 61 81 101
66 1 3 46 136 70
67 1 3 48 137 72
68 1 3 47 134 71
69 1 3 49 135 73
70 1 3 69 109 142
71 1 3 63 110 83
72 1 3 65 112 85
73 1 3 65 85 113
74 1 3 64 84 111
75 1 3 50 74 102
76 1 3 51 75 104
77 1 3 52 103 77
78 1 3 53 79 105
79 1 3 47 83 110
80 1 3 49 85 112
81 1 3 44 111 84
82 1 3 45 113 85
83 1 3 35 36 96
84 1 3 26 27 97
85 1 3 8 9 94
86 1 3 17 18 95
87 1 3 46 86 136
88 1 3 48 87 137
89 1 3 6 74 122
90 1 3 15 75 123
91 1 3 39 124 76
92 1 3 30 125 77
93 1 3 33 78 126
94 1 3 24 79 127
95 1 3 12 128 80
96 1 3 21 129 81
97 1 3 56 104 75
98 1 3 54 102 74
99 1 3 60 105 79
100 1 3 59 77 103
101 1 3 50 98 76
102 1 3 51 99 80
103 1 3 52 78 100
104 1 3 53 101 81
105 1 3 5 6 122
106 1 3 14 15 123
107 1 3 39 40 124
108 1 3 30 31 125
109 1 3 32 33 126
110 1 3 23 24 127
111 1 3 12 13 128
112 1 3 21 22 129
113 1 3 70 136 96
114 1 3 72 137 97
115 1 3 71 134 94
116 1 3 73 135 95
117 1 3 5 122 90
118 1 3 14 123 91
119 1 3 40 90 124
120 1 3 31 92 125
121 1 3 32 126 92
122 1 3 23 127 93
123 1 3 13 91 128
124 1 3 22 93 129
125 1 3 50 102 98
126 1 3 52 100 103
127 1 3 51 104 99
128 1 3 53 105 101
129 1 3 63 83 132
130 1 3 62 82 130
131 1 3 62 131 82
132 1 3 64 133 84
133 1 3 47 71 139
134 1 3 58 139 71
135 1 3 55 138 70
136 1 3 46 70 138
137 1 3 49 73 141
138 1 3 61 141 73
139 1 3 59 140 72
140 1 3 48 72 140
141 1 3 58 120 80
142 1 3 7 114 74
143 1 3 16 115 75
144 1 3 61 121 81
145 1 3 11 80 120
146 1 3 55 116 76
147 1 3 20 81 121
148 1 3 38 76 116
149 1 3 34 118 78
150 1 3 29 77 117
151 1 3 25 119 79
152 1 3 57 78 118
153 1 3 59 117 77
154 1 3 54 74 114
155 1 3 60 79 119
156 1 3 56 75 115
157 1 3 42 106 130
158 1 3 66 130 106
159 1 3 43 107 132
160 1 3 68 132 107
161 1 3 56 107 104
162 1 3 54 106 102
163 1 3 42 130 82
164 1 3 43 132 83
165 1 3 46 82 131
166 1 3 48 84 133
167 1 3 62 108 131
168 1 3 67 131 108
169 1 3 64 109 133
170 1 3 69 133 109
171 1 3 43 104 107
172 1 3 42 102 106
173 1 3 50 122 74
174 1 3 51 123 75
175 1 3 50 76 124
176 1 3 51 80 128
177 1 3 52 77 125
178 1 3 52 126 78
179 1 3 53 127 79
180 1 3 53 81 129
181 1 3 67 111 86
182 1 3 44 86 111
183 1 3 69 113 87
184 1 3 45 87 113
185 1 3 42 98 102
186 1 3 43 99 104
187 1 3 44 103 100
188 1 3 45 101 105
189 1 3 66 110 88
190 1 3 63 88 110
191 1 3 68 112 89
192 1 3 65 89 112
193 1 3 46 138 82
194 1 3 47 139 83
195 1 3 59 84 140
196 1 3 48 140 84
197 1 3 49 141 85
198 1 3 42 82 143
199 1 3 43 83 144
200 1 3 45 85 145
201 1 3 55 98 143
202 1 3 58 99 144
203 1 3 61 101 145
204 1 3 57 136 86
205 1 3 60 137 87
206 1 3 82 138 143
207 1 3 83 139 144
208 1 3 85 141 145
209 1 3 50 90 122
210 1 3 50 124 90
211 1 3 51 91 123
212 1 3 51 128 91
213 1 3 52 92 126
214 1 3 52 125 92
215 1 3 53 93 127
216 1 3 53 129 93
217 1 3 55 143 138
218 1 3 58 144 139
219 1 3 61 145 141
220 1 3 8 94 114
221 1 3 17 95 115
222 1 3 54 114 94
223 1 3 56 115 95
224 1 3 35 96 118
225 1 3 57 118 96
226 1 3 26 97 119
227 1 3 60 119 97
228 1 3 54 134 106
229 1 3 56 135 107
230 1 3 7 8 114
231 1 3 16 17 115
232 1 3 37 38 116
233 1 3 28 29 117
234 1 3 34 35 118
235 1 3 25 26 119
236 1 3 10 11 120
237 1 3 19 20 121
238 1 3 41 89 142
239 1 3 41 88 146
240 1 3 41 146 89
241 1 3 65 142 89
242 1 3 54 94 134
243 1 3 56 95 135
244 1 3 57 96 136
245 1 3 60 97 137
246 1 3 63 146 88
247 1 3 43 144 99
248 1 3 42 143 98
249 1 3 45 145 101
250 1 3 41 142 109
