33
13 16
1 0 0 0
2 1 0 0
3 1 1 0
4 0 1 0
5 0.4999999999986942 0 0
6 1 0.4999999999986942 0
7 0.5000000000020591 1 0
8 0 0.5000000000020591 0
9 0.5000000000002213 0.5000000000002243 0
10 0.2500000000010295 0.7500000000010295 0
11 0.75000000000055 0.7499999999997207 0
12 0.7499999999997089 0.2499999999997206 0
13 0.2499999999997289 0.2500000000005709 0
1 1 3 9 6 11
2 1 3 12 6 9
3 1 3 4 10 7
4 1 3 1 13 8
5 1 3 3 11 6
6 1 3 2 12 5
7 1 3 7 10 9
8 1 3 8 9 10
9 1 3 7 9 11
10 1 3 8 13 9
11 1 3 5 9 13
12 1 3 5 12 9
13 1 3 1 5 13
14 1 3 2 6 12
15 1 3 4 8 10
16 1 3 3 7 11
