33
147 252
1 0 0 0
2 100 0 0
3 100 100 0
4 0 100 0
5 9.999999999961581 0 0
6 19.99999999991413 0 0
7 29.99999999986224 0 0
8 39.99999999984005 0 0
9 49.99999999982369 0 0
10 59.99999999980733 0 0
11 69.99999999983592 0 0
12 79.99999999989062 0 0
13 89.9999999999453 0 0
14 100 9.999999999961581 0
15 100 19.99999999991413 0
16 100 29.99999999986224 0
17 100 39.99999999984005 0
18 100 49.99999999982369 0
19 100 59.99999999980733 0
20 100 69.99999999983592 0
21 100 79.99999999989062 0
22 100 89.9999999999453 0
23 90.00000000007105 100 0
24 80.00000000014211 100 0
25 70.00000000021316 100 0
26 60.00000000025813 100 0
27 50.00000000025813 100 0
28 40.00000000025814 100 0
29 30.00000000021316 100 0
30 20.00000000014211 100 0
31 10.00000000007105 100 0
32 0 90.00000000007105 0
33 0 80.00000000014211 0
34 0 70.00000000021316 0
35 0 60.00000000025813 0
36 0 50.00000000025813 0
37 0 40.00000000025814 0
38 0 30.00000000021316 0
39 0 20.00000000014211 0
40 0 10.00000000007105 0
41 48.64521603035387 50.54995276825588 0
42 71.90941899594087 70.31986586214987 0
43 29.63357667627789 71.86272650430753 0
44 70.19695009967742 28.1360560520108 0
45 28.28680770161209 29.87134774273022 0
46 78.89150384109047 50.83414386639591 0
47 50.82245672905166 21.13459875472709 0
48 50.50271060589624 77.39349750495288 0
49 23.06062421256021 50.57848877959614 0
50 82.94790231207033 82.98684831665656 0
51 17.01315168334476 82.9479023120747 0
52 83.00437462320733 17.04705104559162 0
53 17.04705104558678 16.99562537679403 0
54 84.88660690843993 64.07101126393974 0
55 64.07101126394029 15.11339309156041 0
56 35.92898873605782 84.88660690845039 0
57 15.11339309154994 35.92898873605726 0
58 64.19842671874201 85.09894452654359 0
59 85.06127197064379 35.89555402432112 0
60 14.61908465361416 64.39076441565433 0
61 35.92898873606462 15.11339309161669 0
62 64.01567944251026 56.69860627177361 0
63 42.46023996589594 64.09925480500134 0
64 57.20108710844067 36.39360530548902 0
65 36.76949011905863 42.24772335284939 0
66 56.92270092437767 68.97428501302278 0
67 65.75920563814779 42.90495277884955 0
68 34.49505269205487 57.10072839059581 0
69 43.04744948272733 35.3159782996804 0
70 89.12060185417965 54.09326620564912 0
71 45.93847413489014 89.01410361302192 0
72 54.09227540233867 10.88225488048763 0
73 11.05888783981489 45.96662414510701 0
74 73.9073603144528 90.23348642127617 0
75 9.766513578724524 73.9073603144555 0
76 90.2334864212911 26.0926396855679 0
77 26.0926396855652 9.766513578709612 0
78 90.37150489712269 73.8788268047779 0
79 73.88133056285794 9.627774153972004 0
80 26.13409101620708 90.37023873645005 0
81 9.629040314644577 26.13158725812703 0
82 74.52829717184878 60.41206249239575 0
83 60.41206249239644 25.47170282815204 0
84 40.12124988763834 73.57351236749278 0
85 26.90678977183912 40.15081719896805 0
86 74.78557186880595 39.49384066561154 0
87 39.50517607980931 25.32761765695799 0
88 53.50502045902656 59.98577445590233 0
89 39.90166564397185 50.24762753946304 0
90 90.01218934945535 90.0121893494552 0
91 9.987810650543988 90.01218934945615 0
92 90.01218934945661 9.987810650543263 0
93 9.987810650542434 9.987810650542567 0
94 56.87282061075466 91.89551740253485 0
95 8.080647688823138 56.93192773351694 0
96 91.79240728218215 43.15465349691456 0
97 43.16145718458163 8.245002961620026 0
98 79.96165664371915 73.70236452029313 0
99 26.29763547971695 79.96165664372998 0
100 73.70236452029924 20.03834335628251 0
101 20.0383433562717 26.29763547971082 0
102 80.12652966216264 27.22061756614409 0
103 72.5566530744828 79.68227696698439 0
104 27.22061756612776 19.87347033784068 0
105 20.34314561557089 72.61958200228548 0
106 62.34096829103719 75.78454914394739 0
107 24.73910426809042 62.63579027549973 0
108 58.32134119819924 48.28143676448326 0
109 49.41161683300106 40.96063328208602 0
110 49.23210327999054 69.15001449153351 0
111 65.38272409093747 35.30572305430056 0
112 32.18564600109967 48.15197011677394 0
113 35.26952048210653 34.6822824029346 0
114 64.99572152888416 93.44558967007092 0
115 6.493249184232363 65.0460104928196 0
116 93.4174331348234 35.02856944130118 0
117 35.03661712118275 6.624981926389265 0
118 92.80150898784265 64.38139152184355 0
119 64.38139152184429 7.198491012157645 0
120 35.70903322496506 92.79264586309799 0
121 7.207354136902321 35.70903322496434 0
122 82.01017201096595 92.00285942771612 0
123 7.997140572283283 82.01017201096703 0
124 92.00285942773338 17.98982798902729 0
125 17.98982798902619 7.997140572266004 0
126 92.00285942778682 82.01017201098581 0
127 82.01017201098797 7.997140572211851 0
128 17.98982798900974 92.00285942779736 0
129 7.997140572201312 17.98982798900756 0
130 64.20496810907268 65.20314338808055 0
131 69.71156287591452 50.47653248902645 0
132 34.73991872894655 65.70706500812867 0
133 50.46998693777049 30.47686168484151 0
134 56.09189960874815 83.8198307458977 0
135 16.28232729760836 56.19117682793016 0
136 83.15697256531415 43.91087802282122 0
137 43.91146816308589 16.84892026713951 0
138 81.73964584710191 57.40020117320233 0
139 57.40020117320287 18.26035415289866 0
140 42.34033192844629 81.35155118086627 0
141 18.92673865956392 42.04399777861747 0
142 43.44179567438054 44.33964376653428 0
143 78.13488467922234 66.69340019278047 0
144 66.69340019278417 21.86511532077921 0
145 33.30659980722471 78.1348846792356 0
146 21.86511532076592 33.30659980722099 0
147 43.80143895826062 56.39666759184368 0
1 1 3 147 68 89
2 1 3 3 23 90
3 1 3 4 32 91
4 1 3 2 14 92
5 1 3 1 5 93
6 1 3 3 90 22
7 1 3 4 91 31
8 1 3 2 92 13
9 1 3 1 93 40
10 1 3 66 88 130
11 1 3 67 86 131
12 1 3 69 87 133
13 1 3 63 68 147
14 1 3 64 67 108
15 1 3 64 108 109
16 1 3 48 66 106
17 1 3 49 68 107
18 1 3 131 86 46
19 1 3 133 87 47
20 1 3 130 88 62
21 1 3 18 19 70
22 1 3 9 10 72
23 1 3 27 28 71
24 1 3 36 37 73
25 1 3 19 118 70
26 1 3 10 119 72
27 1 3 28 120 71
28 1 3 37 121 73
29 1 3 48 106 134
30 1 3 49 107 135
31 1 3 63 132 68
32 1 3 62 88 108
33 1 3 65 69 142
34 1 3 48 110 66
35 1 3 64 111 67
36 1 3 49 112 68
37 1 3 65 113 69
38 1 3 41 109 108
39 1 3 54 70 118
40 1 3 55 72 119
41 1 3 56 71 120
42 1 3 57 73 121
43 1 3 24 25 74
44 1 3 33 34 75
45 1 3 15 16 76
46 1 3 6 7 77
47 1 3 20 21 78
48 1 3 11 12 79
49 1 3 29 30 80
50 1 3 38 39 81
51 1 3 61 87 104
52 1 3 59 86 102
53 1 3 41 108 88
54 1 3 45 104 87
55 1 3 44 102 86
56 1 3 18 70 96
57 1 3 9 72 97
58 1 3 27 71 94
59 1 3 36 73 95
60 1 3 54 78 98
61 1 3 55 79 100
62 1 3 56 80 99
63 1 3 57 81 101
64 1 3 46 136 70
65 1 3 47 137 72
66 1 3 48 134 71
67 1 3 49 135 73
68 1 3 69 109 142
69 1 3 63 110 84
70 1 3 65 112 85
71 1 3 65 85 113
72 1 3 64 83 111
73 1 3 50 74 103
74 1 3 52 76 102
75 1 3 51 75 105
76 1 3 53 77 104
77 1 3 48 84 110
78 1 3 44 111 83
79 1 3 49 85 112
80 1 3 45 113 85
81 1 3 17 18 96
82 1 3 8 9 97
83 1 3 26 27 94
84 1 3 35 36 95
85 1 3 46 86 136
86 1 3 47 87 137
87 1 3 24 74 122
88 1 3 33 75 123
89 1 3 15 76 124
90 1 3 6 77 125
91 1 3 21 126 78
92 1 3 12 127 79
93 1 3 30 128 80
94 1 3 39 129 81
95 1 3 60 105 75
96 1 3 58 103 74
97 1 3 61 104 77
98 1 3 59 102 76
99 1 3 50 98 78
100 1 3 51 99 80
101 1 3 52 100 79
102 1 3 53 101 81
103 1 3 23 24 122
104 1 3 32 33 123
105 1 3 14 15 124
106 1 3 5 6 125
107 1 3 21 22 126
108 1 3 12 13 127
109 1 3 30 31 128
110 1 3 39 40 129
111 1 3 70 136 96
112 1 3 72 137 97
113 1 3 71 134 94
114 1 3 73 135 95
115 1 3 23 122 90
116 1 3 32 123 91
117 1 3 14 124 92
118 1 3 5 125 93
119 1 3 22 90 126
120 1 3 13 92 127
121 1 3 31 91 128
122 1 3 40 93 129
123 1 3 50 103 98
124 1 3 52 102 100
125 1 3 51 105 99
126 1 3 53 104 101
127 1 3 63 84 132
128 1 3 62 82 130
129 1 3 62 131 82
130 1 3 64 133 83
131 1 3 48 71 140
132 1 3 54 138 70
133 1 3 56 140 71
134 1 3 46 70 138
135 1 3 49 73 141
136 1 3 55 139 72
137 1 3 57 141 73
138 1 3 47 72 139
139 1 3 56 120 80
140 1 3 57 121 81
141 1 3 54 118 78
142 1 3 55 119 79
143 1 3 38 81 121
144 1 3 29 80 120
145 1 3 11 79 119
146 1 3 20 78 118
147 1 3 16 116 76
148 1 3 7 117 77
149 1 3 25 114 74
150 1 3 34 115 75
151 1 3 59 76 116
152 1 3 61 77 117
153 1 3 58 74 114
154 1 3 60 75 115
155 1 3 42 106 130
156 1 3 66 130 106
157 1 3 43 107 132
158 1 3 68 132 107
159 1 3 60 107 105
160 1 3 58 106 103
161 1 3 42 130 82
162 1 3 46 82 131
163 1 3 43 132 84
164 1 3 47 83 133
165 1 3 62 108 131
166 1 3 67 131 108
167 1 3 64 109 133
168 1 3 69 133 109
169 1 3 43 105 107
170 1 3 42 103 106
171 1 3 50 122 74
172 1 3 51 123 75
173 1 3 52 124 76
174 1 3 50 78 126
175 1 3 53 125 77
176 1 3 52 79 127
177 1 3 51 80 128
178 1 3 53 81 129
179 1 3 67 111 86
180 1 3 44 86 111
181 1 3 69 113 87
182 1 3 45 87 113
183 1 3 44 100 102
184 1 3 42 98 103
185 1 3 45 101 104
186 1 3 43 99 105
187 1 3 66 110 88
188 1 3 63 88 110
189 1 3 68 112 89
190 1 3 65 89 112
191 1 3 46 138 82
192 1 3 47 139 83
193 1 3 48 140 84
194 1 3 49 141 85
195 1 3 42 82 143
196 1 3 44 83 144
197 1 3 43 84 145
198 1 3 45 85 146
199 1 3 55 100 144
200 1 3 54 98 143
201 1 3 57 101 146
202 1 3 56 99 145
203 1 3 59 136 86
204 1 3 61 137 87
205 1 3 82 138 143
206 1 3 83 139 144
207 1 3 84 140 145
208 1 3 85 141 146
209 1 3 50 90 122
210 1 3 50 126 90
211 1 3 51 91 123
212 1 3 52 92 124
213 1 3 51 128 91
214 1 3 52 127 92
215 1 3 53 93 125
216 1 3 53 129 93
217 1 3 54 143 138
218 1 3 55 144 139
219 1 3 56 145 140
220 1 3 57 146 141
221 1 3 26 94 114
222 1 3 35 95 115
223 1 3 58 114 94
224 1 3 60 115 95
225 1 3 17 96 116
226 1 3 8 97 117
227 1 3 59 116 96
228 1 3 61 117 97
229 1 3 58 134 106
230 1 3 60 135 107
231 1 3 25 26 114
232 1 3 34 35 115
233 1 3 16 17 116
234 1 3 7 8 117
235 1 3 19 20 118
236 1 3 10 11 119
237 1 3 28 29 120
238 1 3 37 38 121
239 1 3 41 89 142
240 1 3 41 88 147
241 1 3 41 147 89
242 1 3 65 142 89
243 1 3 58 94 134
244 1 3 60 95 135
245 1 3 59 96 136
246 1 3 61 97 137
247 1 3 63 147 88
248 1 3 43 145 99
249 1 3 42 143 98
250 1 3 45 146 101
251 1 3 44 144 100
252 1 3 41 142 109
